3.836501146254978778e+01
3.836501146254978778e+01
3.836501146254978778e+01
3.836501146254978778e+01
3.836501146254978778e+01
3.836501146254978778e+01
3.836501146254978778e+01
3.836501146254978778e+01
3.836501146254978778e+01
3.836501146254978778e+01
3.836501146254978778e+01
3.836501146254978778e+01
3.836501146254978778e+01
3.836501146254978778e+01
3.836501146254978778e+01
3.836501146254978778e+01
3.836501146254978778e+01
3.836501146254978778e+01
3.836501146254978778e+01
3.836501146254978778e+01
3.836501146254978778e+01
3.836501146254978778e+01
3.836501146254978778e+01
3.836501146254978778e+01
3.836501146254978778e+01
3.836501146254978778e+01
3.836501146254978778e+01
3.836501146254978778e+01
3.836501146254978778e+01
3.836501146254978778e+01
3.836501146254978778e+01
3.836501146254978778e+01
3.836501146254978778e+01
3.836501146254978778e+01
3.836501146254978778e+01
3.836501146254978778e+01
3.836501146254978778e+01
3.836501146254978778e+01
3.836501146254978778e+01
3.836501146254978778e+01
3.836501146254978778e+01
